0001000100
000001100101
000001100001
000001110010
00000100000
000001000101
000001101100
000001100100
000001100101
000001110010
00000100000
000001000110
000001101100
000001111001
000001101110
000001101110
00000101100
00000100000
000001101111
000001100110
00000100000
000001110100
000001101000
000001100101
00000100000
000001000101
000001110100
000001100101
000001110010
000001101110
000001100001
000001101100
00000100000
000001000100
000001101111
000001101101
000001101001
000001101110
000001101001
000001101111
000001101110
00000100000
000001101111
000001100110
00000100000
000001110100
000001101000
000001100101
00000100000
000001000011
000001110010
000001100001
000001100010
00000101100
000001010
000001010
000001001101
000001100001
000001100111
000001101001
000001100011
00000100000
000001101001
000001110011
00000101100
00000100000
000001101110
000001100001
000001110100
000001110101
000001110010
000001100001
000001101100
000001101100
000001111001
00000101100
00000100000
000001110011
000001101111
000001101101
000001100101
000001110100
000001101000
000001101001
000001101110
000001100111
00000100000
000001110100
000001101000
000001100001
000001110100
00000100000
000001101001
000001110011
00000100000
000001110110
000001100101
000001110010
000001111001
00000100000
000001110010
000001100101
000001100001
000001101100
00000101110
00000100000
000001001001
000001110100
00000100000
000001101001
000001110011
00000100000
000001100001
00000100000
000001100110
000001101111
000001110010
000001100011
000001100101
00000100000
000001110100
000001101000
000001100001
000001110100
00000100000
000001101101
000001100001
000001111001
00000100000
000001100010
000001100101
00000100000
000001101000
000001100001
000001110010
000001101110
000001100101
000001110011
000001110011
000001100101
000001100100
00000100000
000001110100
000001101111
00000100000
000001100001
000001100110
000001100110
000001100101
000001100011
000001110100
00000100000
000001110100
000001101000
000001100101
00000100000
000001110110
000001100101
000001110010
000001111001
00000100000
000001100110
000001101111
000001110101
000001101110
000001100100
000001100001
000001110100
000001101001
000001101111
000001101110
000001110011
00000100000
000001101111
000001100110
00000100000
000001110010
000001100101
000001100001
000001101100
000001101001
000001110100
000001111001
00000101100
00000100000
000001100010
000001110101
000001110100
00000100000
000001101001
000001110100
00000100000
000001101001
000001110011
00000100000
000001100001
000001101100
000001110011
000001101111
00000100000
000001100001
00000100000
000001100110
000001101111
000001110010
000001100011
000001100101
00000100000
000001110100
000001101000
000001100001
000001110100
00000100000
000001101101
000001100001
000001111001
00000100000
000001100010
000001100101
00000100000
000001110011
000001110100
000001110101
000001100100
000001101001
000001100101
000001100100
00000100000
000001100001
000001101110
000001100100
00000100000
000001110101
000001101110
000001100100
000001100101
000001110010
000001110011
000001110100
000001101111
000001101111
000001100100
00000100000
000001101100
000001101001
000001101011
000001100101
00000100000
000001100001
000001101110
000001111001
00000100000
000001101111
000001110100
000001101000
000001100101
000001110010
00000100000
000001110000
000001101000
000001100101
000001101110
000001101111
000001101101
000001100101
000001101110
000001101111
000001101110
00000101110
00000100000
000001001001
000001101110
000001100100
000001100101
000001100101
000001100100
00000101100
00000100000
000001101000
000001100101
000001110010
000001100101
00000100000
000001100001
000001110100
00000100000
000001000001
000001101100
00000100111
000001000100
000001100001
000001110010
000001101001
000001100011
00000100000
000001110111
000001100101
00000100000
000001101000
000001100001
000001110110
000001100101
00000100000
000001101101
000001100001
000001100100
000001100101
00000100000
000001100001
000001110011
000001110100
000001101111
000001101110
000001101001
000001110011
000001101000
000001101001
000001101110
000001100111
00000100000
000001110000
000001110010
000001101111
000001100111
000001110010
000001100101
000001110011
000001110011
00000100000
000001101001
000001101110
00000100000
000001110011
000001110100
000001110101
000001100100
000001111001
000001101001
000001101110
000001100111
00000100000
000001110100
000001101000
000001100101
00000100000
000001101110
000001100001
000001110100
000001110101
000001110010
000001100101
00000100000
000001101111
000001100110
00000100000
000001101101
000001100001
000001100111
000001101001
000001100011
00000100000
000001100001
000001101110
000001100100
00000100000
000001101000
000001101111
000001110111
00000100000
000001110100
000001101111
00000100000
000001101101
000001100001
000001101011
000001100101
00000100000
000001110101
000001110011
000001100101
00000100000
000001101111
000001100110
00000100000
000001101001
000001110100
00000101100
00000100000
000001110100
000001101000
000001101111
000001110101
000001100111
000001101000
00000100000
000001110111
000001100101
00000100000
000001100001
000001110010
000001100101
00000100000
000001110011
000001110100
000001101001
000001101100
000001101100
00000100000
000001100001
00000100000
000001101100
000001101111
000001101110
000001100111
00000100000
000001110111
000001100001
000001111001
00000100000
000001100110
000001110010
000001101111
000001101101
00000100000
000001110101
000001101110
000001100100
000001100101
000001110010
000001110011
000001110100
000001100001
000001101110
000001100100
000001101001
000001101110
000001100111
00000100000
000001100101
000001110110
000001100101
000001110010
000001111001
00000100000
000001100110
000001100001
000001100011
000001100101
000001110100
00000100000
000001101111
000001100110
00000100000
000001110100
000001101000
000001101001
000001110011
00000100000
000001101001
000001101101
000001101101
000001100101
000001101110
000001110011
000001100101
00000100000
000001110000
000001101111
000001110111
000001100101
000001110010
00000100000
000001110100
000001101000
000001100001
000001110100
00000100000
000001110000
000001100101
000001110010
000001101101
000001100101
000001100001
000001110100
000001100101
000001110011
00000100000
000001100101
000001110110
000001100101
000001110010
000001111001
00000100000
000001100001
000001110011
000001110000
000001100101
000001100011
000001110100
00000100000
000001101111
000001100110
00000100000
000001110010
000001100101
000001100001
000001101100
000001101001
000001110100
000001111001
00000101110
000001010
000001010
000001001101
000001100001
000001100111
000001101001
000001100011
00000100000
000001101001
000001110011
00000100000
000001100011
000001100001
000001110000
000001100001
000001100010
000001101100
000001100101
00000100000
000001101111
000001100110
00000100000
000001100101
000001111000
000001110100
000001100101
000001101110
000001100100
000001101001
000001101110
000001100111
00000100000
000001101100
000001101001
000001100110
000001100101
000001110011
000001110000
000001100001
000001101110
000001110011
00000101100
00000100000
000001110100
000001101000
000001101111
000001110101
000001100111
000001101000
00000100000
000001101001
000001101101
000001101101
000001101111
000001110010
000001110100
000001100001
000001101100
000001101001
000001110100
000001111001
00000100000
000001101001
000001110011
00000100000
000001100101
000001111000
000001100011
000001100101
000001100101
000001100100
000001101001
000001101110
000001100111
000001101100
000001111001
00000100000
000001100100
000001101001
000001100110
000001100110
000001101001
000001100011
000001110101
000001101100
000001110100
00000100000
000001100001
000001101110
000001100100
00000100000
000001101110
000001101111
000001110100
00000100000
000001110111
000001101001
000001110100
000001101000
000001101111
000001110101
000001110100
00000100000
000001101001
000001110100
000001110011
00000100000
000001100100
000001110010
000001100001
000001110111
000001100010
000001100001
000001100011
000001101011
000001110011
00000101110
00000100000
000001010100
000001101000
000001100101
000001110010
000001100101
00000100000
000001100001
000001110010
000001100101
00000100000
000001110111
000001100001
000001111001
000001110011
00000100000
000001110100
000001101111
00000100000
000001110000
000001110010
000001100101
000001110011
000001100101
000001110010
000001110110
000001100101
00000100000
000001110100
000001101000
000001100101
00000100000
000001110011
000001100101
000001101100
000001100110
00000100000
000001100001
000001101110
000001100100
00000100000
000001110000
000001110010
000001101111
000001110100
000001100101
000001100011
000001110100
00000100000
000001101001
000001110100
00000100000
000001100110
000001110010
000001101111
000001101101
00000100000
000001110100
000001101000
000001100101
00000100000
000001110010
000001100001
000001110110
000001100001
000001100111
000001100101
000001110011
00000100000
000001101111
000001100110
00000100000
000001110100
000001101001
000001101101
000001100101
00000101100
00000100000
000001100010
000001110101
000001110100
00000100000
000001100001
000001110011
00000100000
000001110111
000001101001
000001110100
000001101000
00000100000
000001100001
000001101100
000001101100
00000100000
000001110100
000001101000
000001101001
000001101110
000001100111
000001110011
00000100000
000001110100
000001101111
00000100000
000001100100
000001101111
00000100000
000001110111
000001101001
000001110100
000001101000
00000100000
000001100100
000001100101
000001101110
000001101001
000001111010
000001100101
000001101110
000001110011
00000100000
000001101111
000001100110
00000100000
000001110100
000001101000
000001101001
000001110011
00000100000
000001110000
000001101100
000001100001
000001101110
000001100101
00000101100
00000100000
000001100101
000001110100
000001100101
000001110010
000001101110
000001101001
000001110100
000001111001
00000100000
000001101001
000001101110
00000100000
000001110100
000001101000
000001100101
00000100000
000001110100
000001110010
000001110101
000001100101
000001110011
000001110100
00000100000
000001100001
000001101110
000001100100
00000100000
000001100110
000001110101
000001101100
000001101100
000001100101
000001110011
000001110100
00000100000
000001110011
000001100101
000001101110
000001110011
000001100101
00000100000
000001101001
000001110011
00000100000
000001101110
000001101111
000001110100
00000100000
000001110111
000001101001
000001110100
000001101000
000001101001
000001101110
00000100000
000001100111
000001110010
000001100001
000001110011
000001110000
00000101110
000001010
000001010
000001001001
00000100000
000001100001
000001110011
000001110011
000001110101
000001110010
000001100101
00000100000
000001111001
000001101111
000001110101
00000100000
000001110100
000001101000
000001100001
000001110100
00000100000
000001110111
000001100101
00000100000
000001100001
000001110010
000001100101
00000100000
000001110001
000001110101
000001101001
000001110100
000001100101
00000100000
000001110010
000001100101
000001100001
000001101100
00000101100
00000100000
000001110100
000001101000
000001101111
000001110101
000001100111
000001101000
00000100000
000001001001
00000100000
000001101101
000001110101
000001110011
000001110100
00000100000
000001100001
000001110011
000001101011
00000100000
000001111001
000001101111
000001110101
00000100000
000001110100
000001101000
000001101001
000001110011
00000111010
00000100000
000001110111
000001101000
000001100001
000001110100
00000100000
00000101010
000001101001
000001110011
00000101010
00000100000
000001110010
000001100101
000001100001
000001101100
000001101001
000001110100
000001111001
00000111111
00000100000
000001001001
000001110011
00000100000
000001101001
000001110100
00000100000
000001100101
000001110110
000001100101
000001110010
00000100000
000001110100
000001110010
000001110101
000001101100
000001111001
00000100000
000001110000
000001101111
000001110011
000001110011
000001101001
000001100010
000001101100
000001100101
00000100000
000001110100
000001101111
00000100000
000001100100
000001100101
000001110100
000001100101
000001110010
000001101101
000001101001
000001101110
000001100101
00000100000
000001110111
000001101000
000001100101
000001110100
000001101000
000001100101
000001110010
00000100000
000001110011
000001101111
000001101101
000001100101
000001110100
000001101000
000001101001
000001101110
000001100111
00000100000
000001100101
000001111000
000001101001
000001110011
000001110100
000001110011
00000111111
00000100000
000001010011
000001101111
000001101101
000001100101
000001110100
000001101000
000001101001
000001101110
000001100111
00000100000
000001100110
000001101111
000001110010
00000100000
000001111001
000001101111
000001110101
00000100000
000001110100
000001101111
00000100000
000001110000
000001101111
000001101110
000001100100
000001100101
000001110010
00000100000
000001110111
000001101000
000001101001
000001101100
000001110011
000001110100
00000100000
000001110111
000001100101
00000100000
000001100001
000001110100
000001110100
000001100101
000001101101
000001110000
000001110100
00000100000
000001110100
000001101111
00000100000
000001101100
000001100101
000001100001
000001110010
000001101110
00000100000
000001101101
000001101111
000001110010
000001100101
00000100000
000001100001
000001100010
000001101111
000001110101
000001110100
00000100000
000001100101
000001100001
000001100011
000001101000
00000100000
000001101111
000001110100
000001101000
000001100101
000001110010
00000101100
00000100000
000001110000
000001100101
000001110010
000001101000
000001100001
000001110000
000001110011
00000101110
000001010
000001010
000001000010
000001100101
000001110011
000001110100
00000100000
000001110010
000001100101
000001100111
000001100001
000001110010
000001100100
000001110011
00000101100
000001010
00000110010
00000110000
00000110111
00000110101
00000110010
00000110011
00000110101
00000111001
00000110000
00000110111
00000110001
00000110100
00000111000
00000110000
00000110110
00000110101
00000110011
00000111000
00000111000
00000110000
00000110110
00000110011
00000110110
00000110000
00000110010
00000111001
00000110110
00000110001
00000110100
00000110111
00000110011
00000110110
00000110111
00000110001
00000110001
00000111001
00000110100
00000110000
00000110010
00000110110
00000110011
00000110010
00000110100
00000110000
00000110101
00000110001
00000110110
00000110011
00000110001
00000110110
00000110010
00000110010
00000111001
00000110001
00000110011
00000110011
00000110000
00000110000
00000110011
00000110011
00000110110
00000110001
00000110010
00000110110
00000110011
00000110001
00000110011
00000111000
00000110111
00000111000
00000111000
00000110110
00000110100
00000110000
00000110110
00000110111
00000110010
00000110100
00000110001
00000110010
00000110010
00000111001
00000110010
00000111000
00000111000
00000110100
00000111001
00000111000
00000110110
00000111001
00000110010
00000110001
00000110110
00000111001
00000110110
00000110100
00000110101
00000110110
00000111001
00000110110
00000110011
00000110010
00000111000
00000111000
00000110101
00000111001
00000110000
00000110000
00000111000
00000110111
00000110101
00000111000
00000110010
00000110101
00000110011
00000110011
00000111000
00000110000
00000110110
00000111001
00000111000
00000110110
00000111000
00000111001
00000110010
00000111000
00000110011
00000110000
00000110001
00000110110
00000110000
00000110010
00000110001
00000110001
00000110011
00000110110
00000110110
00000111001
00000110000
00000111001
00000110000
00000110010
00000110001
00000110010
00000110011
00000111000
00000110001
00000111001
00000111001
00000110111
00000110101
00000111000
00000111001
00000111000
00000110000
00000110111
00000110001
00000110101
00000110000
00000110000
00000110011
00000110011
00000110010
00000110011
00000110100
00000110111
00000111001
00000111000
00000110001
00000110011
00000110110
00000110111
00000110000
00000110101
00000110010
00000110001
00000110100
00000110100
00000110011
00000111000
00000111001
00000110001
00000110000
00000110011
00000110000
00000110010
00000110000
00000110011
00000110001
00000110100
00000110011
00000111001
00000110110
00000110101
00000110001
00000110110
00000111000
00000110011
00000111000
00000110000
00000110111
00000110100
00000110110
00000110110
00000110110
00000110101
00000110101
00000110100
00000110101
00000110010
00000111001
00000110100
00000110100
00000111000
00000110110
00000110011
00000111000
00000110000
00000110111
00000110000
00000110010
00000111000
00000110000
00000110110
00000110110
00000110110
00000111001
00000110100
00000110000
00000111001
00000111000
00000111000
00000111000
00000110000
00000110110
00000110110
00000111000
00000110000
00000110110
00000110111
00000110101
00000110010
00000110101
00000110110
00000110010
00000110100
00000110100
00000111000
00000111000
00000110111
00000111001
00000110000
00000111001
00000110001
00000110111
00000110100
00000110011
00000110100
00000110101
00000110111
00000110010
00000111000
000001010
000001000001
000001101100
000001110011
000001101111
00000100000
000001101011
000001101110
000001101111
000001110111
000001101110
00000100000
000001100001
000001110011
00000100000
00000110100
00000110010
00000101100
00000100000
000001001100
000001101001
000001100010
000001110010
000001100001
000001110010
000001101001
000001100001
000001101110
00000100000
000001101111
000001100110
00000100000
000001110100
000001101000
000001100101
00000100000
000001001001
000001101110
000001100110
000001101001
000001101110
000001101001
000001110100
000001100101
00000100000
000001001100
000001101001
000001100010
000001110010
000001100001
000001110010
000001111001
00